61374
87592
78616
58510
615
36319
3811
22385
46261
31384
33371
24119
25674
9928
68084
66402
82255
8733
65380
30854
40857
30539
8003
37776
6179
57853
1129
99261
84917
77275
80259
45407
52983
75978
40535
51093
28835
87480
31204
92384
1951
82447
6163
57701
63375
46197
18151
94831
77888
83909
28145
98822
26526
88274
21161
20473
75513
29322
29382
20231
68765
75632
78557
81937
65961
44002
11077
95978
16656
80733
71472
69106
90201
212
95163
84163
1500
86492
51918
58429
55574
88587
29303
66802
44908
81579
73276
71979
2741
8893
90918
40150
7850
27265
24426
48150
2827
81146
50174
27517
17055
93687
91928
25787
31492
85163
37932
18632
32542
70951
1666
80707
86093
33338
88308
24215
48316
83168
17106
23773
38352
63339
51375
13536
52747
39525
48113
9747
4467
69443
29906
90399
16001
15076
29268
8638
71239
41467
85245
52335
5971
90857
96740
34515
93377
2380
36224
67923
61327
4533
19477
35102
37493
49119
74221
4484
56838
86574
14951
60824
11850
46166
44741
34710
54373
64835
31196
32987
85497
55222
78031
698
81655
67997
72563
93301
65994
36745
69378
41357
6371
35582
67455
55862
62298
83663
33867
22594
81026
67822
88495
464
76701
89588
95619
41021
37370
40787
74516
54508
21990
28409
40778
94610
35924
42830
46762
52907
56158
68206
34442
46133
63815
72803
85517
88655
5289
37781
38283
49824
60157
4636
16069
82848
43762
67153
40538
69192
19719
15006
68997
2601
9349
73477
50413
87745
17038
72030
65579
4064
70404
50768
17021
32586
23815
45738
67487
33820
82418
72922
67939
18140
9601
73802
63747
95697
30433
66267
11504
97064
83971
23927
56492
37704
78036
55228
27216
82431
73019
6801
83132
32953
20083
97258
77278
82011
45548
10530
60137
68686
68403
48676
63013
61676
93638
73429
38913
19871
3660
13550
14803
90407
64007
57300
19445
72355
91294
89484
52195
92001
84042
78299
18532
7689
64930
51394
61996
50549
687
12905
79239
26072
97517
253
54748
38553
40970
74805
93601
17364
48434
82081
94717
74451
15365
13406
57126
39555
29627
47308
48380
40501
89692
29787
94964
47205
65034
24536
9881
73386
6288
75506
84022
96338
51394
90525
60963
64269
72957
9790
9750
87934
30482
39099
84212
82053
37054
91908
23114
82894
48968
97163
58953
8919
34335
57870
77747
46893
31022
30410
56133
6391
97339
58791
70907
39786
74623
15372
90108
47454
47843
50371
90416
97740
69663
57701
13767
48670
96440
69656
93866
68385
7877
97250
91074
47535
47351
94372
58352
34582
99429
82454
21958
32246
8492
12514
30789
73720
78037
64217
70792
47041
37441
84777
82123
36257
34787
58825
9068
87994
56020
89217
46214
29844
76129
31300
27619
57159
32955
9715
7291
39614
16135
53401
21568
76072
3742
90319
44858
61272
37134
70781
21296
60286
66645
41086
11511
93972
81334
39316
51033
80587
20912
47860
27026
45387
28852
6094
27389
60105
20402
47365
16150
45537
66336
26632
7879
98729
76229
49801
20068
87826
21865
88367
29196
56000
42087
424
49164
73038
53227
99712
16115
17579
53510
34693
90342
15468
51212
99086
83434
39649
29581
18967
42567
86432
47481
41897
77848
69526
12037
6138
69127
54620
25272
40455
3826
79514
21462
32770
59298
16018
19672
30456
44892
53184
99518
23937
43684
39787
40031
91266
56251
8286
49943
20991
66123
5033
25544
2306
79175
79748
75776
65357
41503
11216
85297
96343
36127
72089
17682
39865
1932
54944
7456
23754
7398
7609
91
60490
10729
97767
90131
69124
29919
84938
98788
41101
46368
19742
10771
97794
87665
41519
10042
35936
3262
81427
63787
33247
4291
90638
3929
94376
2673
62673
65167
79324
50624
37089
26170
30322
82096
24047
84736
61329
58534
69755
28006
17856
60190
68117
18915
54036
77028
72280
65823
51761
26145
91787
27030
8673
83935
63443
4602
64729
57279
30084
30510
42380
54121
24341
4602
53293
70354
22837
35820
61278
93840
11562
93050
21368
78409
28539
51214
67471
16126
27283
7858
62646
72227
26647
87518
52431
31076
58098
12717
4453
2813
20166
96478
32581
88058
92280
70314
4552
56001
22324
61166
7846
4427
53529
68142
7980
42743
37140
44609
85261
24653
40656
99415
36344
76395
87622
16025
32129
51575
32688
69179
24725
41816
22646
10834
84206
300
29900
24185
72023
2489
35322
74362
26241
44812
44487
80241
74405
72019
48530
83218
30185
33680
82293
27777
92595
83468
20579
69489
71612
69987
54129
9868
49338
56584
29517
42239
68596
87385
44777
35661
41624
87902
8626
29107
62418
98592
33037
34736
6599
1771
9434
18650
29223
66555
3858
65402
93083
21255
32547
84707
71235
71570
78676
74392
5977
67313
78748
90437
61310
96142
7161
22257
2533
62253
11165
39294
89975
53676
80223
67380
76452
92576
73371
90429
88971
7455
35311
53636
1608
5137
38825
24609
72917
52160
33727
69197
21930
41613
66596
41135
88079
43365
19330
47152
74638
61928
85286
12328
30040
74283
823
27659
65371
36015
1238
29996
23058
51131
98033
95259
46551
7737
76985
88661
21698
39249
43792
32499
54169
86881
43379
70971
80709
7501
16670
99725
52777
21237
68792
55640
15180
14084
17623
78109
88980
67544
90865
56355
9645
46000
82184
64857
22830
23870
34049
46342
89864
56838
40073
14856
25503
22128
86556
75516
13841
73963
5057
44157
31945
91359
1908
96045
9168
7123
86168
57076
92261
88021
60283
38565
1958
84823
22478
68298
8519
89896
84400
97114
86629
45501
19267
47855
17059
63765
50192
38451
18592
45278
89212
16263
12229
49965
93932
62452
40617
70291
79183
66212
70925
23151
88687
42297
95584
4877
44252
16221
54059
41387
34855
49344
28295
1425
82351
42025
55372
54894
91407
54723
72522
3714
37918
16125
57303
95034
96600
55915
4405
14242
57493
49953
45745
34291
77858
64327
50050
73739
50088
83579
56865
15408
23714
49813
83545
29482
86995
40784
75250
67041
73823
34798
68443
54253
81312
62582
19314
73890
20618
80234
45451
42486
24261
80193
64678
20162
83637
99071
42791
353
77069
9074
1871
91864
39847
59918
85926
45308
31601
53122
6510
39084
58245
87050
6681
98206
44346
27986
92592
27908
50496
86318
21918
74807
27844
74536
66060
81989
48355
96660
17350
74804
5176
40162
1257
83678
63226
95674
87814
85865
14717
32238
39695
61949
56319
51375
92963
18617
10348
73458
65985
35258
59834
82700
80298
60818
96234
32958
91132
95757
41221
80954
54272
88329
51147
56159
11613
49471
85032
44636
71860
85991
71887
80491
93768
87879
89558
9299
95580
61315
75530
45943
57309
66189
62535
94754
90903
45451
90499
76957
57783
90845
33089
78435
5387
43182
3822
76227
70180
56836
31032
29814
70932
7075
13515
42286
38336
29650
50152
72067
94507
28111
48866
13740
6467
4764
79937
97435
25352
46410
79030
4088
39500
33716
86388
95452
48112
44288
45370
4587
4638
63464
29522
45641
42106
59148
89900
29619
81467
17849
36350
75365
66993
65658
32151
78879
14844
71592
68273
22735
41580
77734
35693
8138
42796
45160
27689
16536
47582
86272
17061
3201
50544
41096
39813
15230
99660
45378
21707
61286
87251
40073
11716
93589
39946
86979
6567
30736
66808
60384
9518
68936
41091
43004
43632
60828
7756
5669
91043
38739
83672
51603
54677
58785
24068
51793
36939
87925
18906
42408
79638
97222
41938
4066
30852
19194
16335
23754
87194
86385
73533
56081
48164
70825
34548
26571
66676
18762
8167
92772
8542
29974
15685
8421
96143
36264
64699
9730
79314
37753
38395
90717
47449
86759
20667
22095
10704
21339
90298
78149
55894
81820
2870
68336
13326
79270
99227
46958
94334
61551
15173
63557
50729
38528
82122
97145
95446
46063
34350
8258
46386
18843
59181
13888
81230
29941
81920
53482
13193
21223
91327
589
31663
50734
1287
76355
54053
33897
98693
14184
63307
33458
60814
43446
80518
83551
69002
80524
9930
28841
18206
36168
49933
43140
84906
83476
97463
21012
92920
70195
30524
73303
21918
4611
34632
49862
47144
94599
77628
53156
60048
68876
21605
24616
20285
79383
92243
8862
209
74338
17585
56122
61676
87845
90487
64279
4109
30362
82633
20660
61227
42334
56718
15306
3254
40115
897
93789
75431
83762
93837
42987
67957
97708
99938
5789
74924
27723
92164
83354
51499
7730
44406
91014
36821
52710
56510
71707
66029
3137
25353
94531
99401
67611
3377
80931
51819
1853
71983
21754
78999
68702
55919
1784
63455
90208
62106
67561
99499
84651
92614
75570
75320
79362
1814
53290
3954
20769
44975
64940
51390
60204
54843
10267
48964
65889
68413
56211
42437
53816
94889
1438
25236
9330
97759
48722
55544
90451
93518
2961
7167
51440
26937
6250
88565
31719
56762
22850
32759
68661
51529
80722
75599
9268
66568
91787
49689
44598
65751
61461
14167
24215
39246
19465
74678
63159
44112
29702
59462
56658
67269
83618
52327
81178
2593
93068
67523
88041
46847
96512
48592
10859
35257
6543
83140
55313
89146
29471
72809
31747
80446
35309
31626
96808
21067
7404
90584
75361
44867
19575
23049
85645
43547
62099
95833
12226
36313
8409
51036
58982
23430
78440
85804
42485
95196
25814
99873
97128
70480
70469
78073
10368
60103
54021
51894
87265
94780
47120
47669
55960
76289
15274
60660
35827
86934
68648
59797
64582
87356
59271
71062
14944
36911
79459
96554
53881
81518
41324
75482
34180
78960
97890
36732
54801
78500
46480
92976
98692
22984
82771
62118
72182
13193
5246
62481
44178
91243
38429
23329
64300
16086
24598
88257
17103
12973
14355
26482
52656
66870
92417
48093
63015
53803
47765
90049
54655
82322
55284
44766
79657
9359
13532
74990
52648
40579
86278
96554
34695
36914
41799
67817
26912
65286
41221
89951
86164
73214
1434
19311
6426
71840
92119
42214
15361
82939
76757
13824
72614
8336
50332
8645
94542
84982
35510
88301
49877
8308
50926
91769
31450
8700
56886
48572
76544
96663
13916
57617
2251
16040
5413
1982
26684
92930
59880
80951
25323
2423
74842
90013
81181
206
12563
32467
59540
66547
14476
29898
37780
6629
6282
23282
82242
35072
14729
5166
31023
85267
97226
43238
97307
18563
48466
9132
23414
43552
8249
59036
67186
46836
28606
57026
55415
90160
38967
32739
34113
59613
49991
84976
7707
70916
12481
56017
27961
87542
69317
31516
39877
51841
96509
93618
800
86091
92660
68230
50422
43970
42031
34209
72562
39943
23656
65937
12817
89546
86255
26660
99883
61832
56832
23961
66407
73143
60768
51705
92697
80551
86040
68936
48599
33996
50380
58849
35442
3335
10255
57075
30761
27700
58177
9323
4280
57321
5983
32847
39235
29608
87893
15175
59098
77158
92602
84156
36200
4837
48180
27012
7940
54170
98392
97455
63625
35373
46326
31779
34990
58351
65259
48773
32534
98697
32641
38774
11049
24110
29270
33394
86022
49581
21603
52070
44739
54700
96144
46324
78825
74087
18589
20594
15934
66940
38795
87773
6865
89915
68202
82346
96875
80773
54856
38389
70144
60050
7192
81930
67549
92718
98881
40590
38401
8687
66462
37232
60004
567
26632
33986
65917
682
55947
96016
1276
79591
2498
2491
48019
18250
69211
81331
81734
4418
54879
48119
30451
46756
82356
83638
67965
45737
28145
82292
51965
84667
25380
20820
75437
86839
81789
65844
21857
99677
29728
56769
35933
69032
83862
69265
90741
80823
50317
24514
37532
33521
54711
22134
3644
46968
7314
80877
63786
62994
12120
25426
34395
27659
69351
97890
12435
90754
72530
53987
69585
67087
55041
80209
33069
54678
79726
42307
85755
3757
72009
46399
90874
18783
31756
2930
28879
90569
26477
37129
15703
73819
78037
63138
52979
98389
7216
17745
59170
81169
60339
17318
71861
97159
12691
45093
74182
88228
72055
78341
71731
4877
92224
48163
47219
8974
65837
46845
30565
76635
90902
8288
91806
20713
9340
44466
59897
35462
5491
97293
34835
44449
633
32832
63953
98808
46845
87547
70167
85711
29732
58627
74599
7256
41770
94801
20860
13686
20902
68199
47614
40834
80170
9300
47527
58095
96262
52305
20227
34353
7431
63047
96624
4629
14270
65014
10394
25
4361
63076
30259
13422
90289
59986
47888
14960
2402
7692
44472
75654
41466
17105
65611
39743
70113
64629
31899
94060
78600
77967
12429
95891
71611
36712
90985
77347
58571
37048
50639
83163
71108
67246
89849
50752
71059
28465
43655
38391
75346
22386
58330
1253
68538
58391
93213
84953
15329
54141
19625
92244
99391
10451
85462
54212
9347
95474
65723
32315
25311
97497
77946
95146
18610
36501
40708
90981
56209
61782
41634
34911
88137
44639
43828
71537
59541
40886
94714
88910
13575
32420
38929
65290
81002
66172
90236
94485
46072
36106
24972
13219
34184
64437
56512
3935
55561
72732
26732
13501
69199
82805
74466
4425
20434
7211
74361
50098
97240
98679
31841
18163
35157
35822
63131
35743
73548
22301
66036
25930
64855
19773
31983
68928
46667
55827
83748
52427
53266
72452
73899
64648
11448
78874
49140
78239
64229
82473
27339
69672
8125
77602
45422
95340
84875
65970
9194
91932
57540
56085
23965
60098
7834
92050
40814
65482
56857
635
74477
3575
48124
14879
81293
36771
85829
62180
73659
55501
7101
22799
85331
90676
8753
97236
23326
95578
20195
99966
32250
11583
46294
1873
41964
15183
27857
23282
61748
16932
93825
24949
68938
87271
58297
30280
7110
18188
17250
5871
14376
30337
98251
16060
75232
72721
5285
15210
57209
40930
21118
93448
28837
46396
58730
65429
82602
22213
62524
22254
29605
55180
59229
79968
22897
26457
26055
43451
29660
27750
37136
12868
80174
14397
56620
66177
50630
93420
47996
23670
1089
73954
81819
61298
40042
48793
6464
47854
96328
99239
64080
80971
28698
62668
95493
40742
67075
58906
50854
60432
85676
78746
1255
93119
59751
7340
49215
49282
38230
91410
91280
5783
83850
63016
54557
14715
21593
11216
61899
37678
42115
27837
11693
93735
19820
46675
59933
60395
42597
34744
61783
61621
90196
96471
67022
12558
93720
1921
28203
85144
28457
66365
40394
66571
45931
72404
88558
95458
47594
24150
55076
76517
92153
37837
51544
34235
24326
98463
61841
24722
55087
40145
30408
80202
98676
72546
71709
69054
94935
36593
79524
45857
61352
56183
91280
56662
4399
50618
47636
6372
35663
15458
74656
35419
40863
63107
13203
36808
96329
90587
2831
65446
5132
61678
87046
86331
41014
51882
53914
20911
91811
54364
49775
95824
88536
32903
83445
67334
27855
14488
6525
91805
80096
85370
63727
45310
62329
61903
39624
35485
2600
33726
80431
50278
93103
26869
75858
83206
75297
29479
33255
33504
4775
53371
64223
77781
8619
97956
28527
29065
58355
53018
26377
76885
537
49029
73617
99954
44103
43528
8365
71925
93254
46466
74543
59334
55017
83117
23966
65590
95177
88470
39940
63867
56311
60694
99556
8888
93383
34730
40008
84156
89177
84315
37783
34701
91542
92637
94475
2969
26262
9827
89490
71332
94761
6462
75551
57097
87818
88845
52011
66154
94179
48472
87389
98270
83438
97504
19857
51174
99251
32450
32037
40421
53371
74094
97949
12513
55094
13129
57641
23075
93984
29662
7823
53876
63786
95008
48849
80505
92992
14238
82956
53537
23638
33611
65735
49994
3797
24254
13902
62620
76395
71810
52268
50721
86313
46208
90376
98577
73116
67426
74659
46741
91990
94446
94651
89605
47982
16443
80461
35019
77337
80130
82485
91410
74758
5195
31863
3805
58689
16064
42792
10996
78346
92451
49240
55105
40463
14356
88873
45903
43800
1581
28279
13044
35189
57931
22154
88272
99895
73803
66370
71339
34920
24335
88578
73237
95287
9634
84467
51599
51127
68140
23515
57786
22669
4465
49985
28878
84993
6150
40266
82108
54837
67792
88442
82400
47356
51051
71179
43852
89744
86491
93581
73825
50029
834
33641
1448
95858
25863
62454
43655
58686
15460
27783
53373
20528
397
28471
40538
42427
80923
17345
79868
47616
50355
14972
13226
883
8581
34106
1875
86439
75011
32010
26943
35136
1792
92682
35932
81134
36395
61301
87272
90350
73543
77115
87198
71031
26872
15809
75888
4985
90200
62777
22326
13372
24931
18231
41640
69618
44724
15360
11298
1517
65181
33444
74972
9413
79963
11702
82579
6221
70414
76622
4683
39398
28949
74730
2304
93289
37878
57114
15270
32506
68894
39230
1899
30109
40192
18308
87979
85026
68751
75571
21416
40381
81847
39190
9933
11796
58575
82121
77410
87133
78000
52262
84668
4101
50113
96145
68239
7514
45836
9935
90765
42699
79445
17916
80858
3122
5776
99943
67178
81144
16216
37261
58734
60064
10471
76664
43621
18361
23198
1097
98347
14712
97387
67223
46784
14989
63330
78758
19162
17719
64823
92152
18507
83765
30444
59973
43953
17309
45386
57541
17602
44984
85831
71461
47410
5529
46593
83716
82395
33829
65828
88261
41292
21846
15566
65201
12743
28971
37231
80905
48170
59650
12609
62478
365
63645
20746
98109
11953
1632
55506
8419
44114
31987
48909
13270
47126
25291
57084
74074
55061
59871
35922
52086
67381
55404
2613
71311
38089
20254
59388
72159
75287
44349
15989
72723
56387
94032
78633
88949
98816
61870
8945
77637
39526
84504
51191
81134
74251
89270
57920
56162
12362
75874
25714
86336
57931
9257
58205
27783
47125
30887
85873
48777
68022
88677
37302
82803
70369
11555
55617
82221
55223
81111
99861
95274
59506
83121
95834
75332
30452
79227
26767
14168
66337
58388
22325
61277
49940
51461
94696
29170
79070
44697
98525
32141
57498
62678
78497
12467
22659
61180
86938
35501
69948
3637
92433
62083
22234
32841
57966
29018
99052
36406
97421
58405
72192
14951
20942
39895
55350
64384
70335
53009
10605
65895
97917
90279
77987
71011
70983
74617
7371
95239
97387
24902
3558
62620
27543
39014
86260
28859
23225
77473
33972
47023
27511
14165
44415
16149
46607
96910
1239
52238
85923
78738
7536
37094
3583
36823
22668
45931
4815
56276
57401
21426
5753
60637
11779
10545
51282
22363
33309
53028
31222
17978
4600
56022
29921
74134
76007
69406
93119
37524
30707
33219
38817
26941
62105
32733
12854
44145
37435
63590
89116
15785
64153
81653
57178
33976
62456
66331
48664
74152
4211
65919
34626
9821
84658
21729
15446
66027
97785
98202
73101
5229
14564
66776
47803
79729
99617
96970
25539
59593
45709
14986
17971
37150
83406
94104
19857
22127
66926
77668
5403
87349
20678
58770
97683
32979
33771
24586
28276
97479
3087
22920
75760
7307
60873
22164
75821
83851
48798
11553
69246
68280
85061
3273
87966
16527
65085
24555
82543
91116
23083
43079
44957
55036
30402
11269
35393
90417
22135
91999
30845
65790
3769
93978
28926
66735
8953
71680
4356
34363
81459
61468
83310
48560
94566
10952
62643
38315
76970
85818
96986
67088
1108
81766
47375
1478
30242
19538
25486
82458
56832
59966
28838
13730
95394
39342
75073
95511
70366
47588
23996
32286
34537
33716
22003
75402
51446
47568
74299
26818
30156
96142
89784
69824
58576
13965
45579
48418
62738
95433
65888
65782
17299
64051
17505
11853
21727
83375
80899
74267
55907
49484
83752
19961
96447
4090
75225
75954
18271
68559
17227
6041
22227
71749
1586
19235
54238
46623
54386
26497
68511
28876
19954
16717
79521
35920
89187
31171
37868
20850
89953
48276
61360
43570
30802
17668
45138
68732
64085
32579
86111
35894
13936
20255
53775
97120
77088
95564
57871
36681
30215
56762
27396
95166
75140
18089
89595
97104
57736
50665
45420
23016
43065
55414
67152
9629
71063
70609
26109
26904
11293
76838
73721
49608
99172
58151
94228
85630
32527
33543
46957
19959
12695
1780
39431
38734
99324
17711
21183
81591
13581
13828
87776
42519
98754
26106
20304
3314
57533
78708
24782
92773
55735
92373
82459
12081
22821
16959
61117
93472
45186
35438
17912
26399
18357
99646
94664
1773
32324
68035
36425
50790
32316
27843
67913
26609
25932
66131
36343
47625
84562
26073
35626
8518
67130
73089
57536
74846
30753
34729
12985
62087
55786
77426
65196
39055
81733
30012
19118
43099
53562
9676
51009
33047
97012
74380
98578
152
93372
13805
90551
11272
28727
10567
40823
82290
53438
80683
2611
7666
35723
76311
18044
86341
901
3079
2690
18022
75566
22479
69836
20649
43536
63390
41933
98308
74986
78539
71446
86278
33980
76642
18375
39801
70041
95192
89445
73323
63959
21384
9838
52294
69079
32646
14736
86419
18158
16624
22361
66297
88518
5354
8210
85026
23438
58069
41578
51505
13099
99601
55626
42871
18028
24399
47426
18028
85950
83578
95684
94844
81404
53792
87175
37385
68340
78793
58648
71165
62840
45609
15771
68786
79528
20886
45468
77424
58853
52299
71389
57832
86178
99737
62872
71061
25870
43967
83123
15404
20895
30398
23049
96115
38721
57168
78557
78117
79860
28916
1155
7712
13718
98907
75403
89674
56731
98240
58313
71036
17817
21390
76931
21439
50590
36009
67431
81232
68945
54241
76851
40803
43601
47346
10883
53960
68887
61926
89282
67289
4062
44720
15021
36471
53442
82862
32992
66593
23303
81804
89747
10293
2117
5479
59375
68262
41528
70786
5964
87018
58447
49007
28536
29280
29938
17730
67068
40796
80946
81436
61459
78553
84056
86572
6405
46786
31820
64970
63577
98730
47321
81111
34542
26013
43560
52469
12401
49108
44243
16361
83162
97800
90423
52850
19808
17148
68938
40528
36222
47980
77631
73980
99404
18744
48303
75025
21580
79733
14076
27382
9147
56476
21933
25081
92001
75149
87076
39120
10599
53376
7854
11284
18691
44360
43226
35294
45848
20414
79290
37691
26956
23810
25755
14782
92904
97953
17808
33333
28221
61120
19364
80476
86037
23054
39199
29157
94671
61489
8555
45336
17641
1020
91384
19755
9079
60457
69444
52468
61234
87594
68691
84504
35930
23374
68415
57995
21198
56630
4141
67200
45981
34662
72114
15935
25172
78847
57383
28398
84428
79449
81767
33465
11574
30228
20933
40542
23479
67881
64862
94345
19144
11387
20684
69116
17418
71016
65922
10908
2921
29698
88574
73350
2663
70026
93863
88941
13047
21045
99593
96380
22367
53015
98703
63207
22161
16942
86925
80991
32716
12617
13724
37339
79042
31030
40879
33624
17666
36610
24179
60447
96864
84013
25179
33068
15396
29245
49765
83617
44446
96533
86976
9303
94139
26687
86599
59752
62726
3199
60007
12397
90737
28468
86620
58230
38252
23960
96937
24645
17507
84055
25624
39626
13046
71420
80496
8640
84534
58533
23055
76129
5950
27098
12450
91861
91466
79711
51921
71717
37736
59814
99040
45544
36740
2041
78690
26602
45082
16798
79225
76405
42089
10668
29893
76310
92794
22728
35989
1476
70369
38366
91856
66184
35401
15661
5601
6424
28088
82221
46984
50607
43214
62269
57504
10629
33206
92970
43893
83571
37588
32727
6571
18799
87736
14508
1185
89591
24107
60192
57074
14896
11529
30462
54506
87446
18889
835
18601
14090
96366
46859
44350
85928
28287
79543
85329
57787
37328
70799
46920
7278
5867
97935
90436
96962
63550
17018
76713
15151
32449
79277
19387
13425
97489
75714
69476
92772
96061
75375
9893
27246
30377
57272
4657
64578
66111
2580
69122
57839
47942
87642
89955
36400
55346
68945
69088
17326
11372
87931
79392
76224
56124
6822
2381
81145
70318
83760
30295
66566
81862
9322
14194
81664
47007
65856
90899
52268
88079
1764
19908
14711
56440
32716
98497
34581
368
54921
12356
24813
6850
43478
97541
51615
50775
65693
14129
89134
99448
7044
90077
39077
99516
58110
11353
33185
45119
34673
29801
25191
36075
14122
70836
21327
25334
68709
71253
47000
81585
42926
49285
57511
83642
76571
86384
68284
51291
64703
51161
64329
55474
35991
6622
44640
15452
38876
46030
27309
11246
14271
47639
80243
2492
13189
90314
60559
17632
20766
20108
26507
6843
52197
31942
17592
84526
22917
53161
80
88390
4507
51069
57452
66641
84409
66515
83962
66884
41946
7784
35982
73214
99409
10254
34145
64064
30980
40343
23714
2397
59838
91656
54707
87079
97235
8721
65710
83779
99216
78395
68867
80477
46338
92140
94187
11036
10531
57973
8389
90195
53605
83204
71464
53129
38209
10224
14933
95203
34753
88720
71252
85603
18754
9749
26043
2972
86107
46302
44836
85388
35071
35570
25628
77548
77909
23581
42787
80596
48047
53170
10073
9919
10056
87920
89905
70441
93560
89317
60206
97741
179
1095
17249
12207
7768
61167
27541
19233
71464
78311
20446
53061
85202
41963
92687
71722
43537
81748
63218
7469
26231
52333
25415
52168
90872
12603
48710
72719
86975
45943
62033
47052
79585
78075
84609
90129
39735
10259
79357
80719
34300
65618
29709
10593
29243
26923
29220
57863
26477
60464
99893
86043
68614
81066
19094
83710
30744
44696
66684
79778
51190
94587
43722
72660
5513
35131
84814
28951
28677
81676
77204
26692
12652
52785
79243
81135
29989
58699
27556
87857
6630
75614
23924
84933
74440
7675
33952
49067
19695
40323
15523
46656
65068
26671
9281
58224
93656
77341
77194
25302
53472
31224
41313
84276
51056
98730
72898
65346
29682
98748
37238
58887
80522
30954
7227
85560
49909
5695
1207
58782
3871
1277
1532
58767
76411
11102
27708
72714
1961
58547
20862
72939
64323
71881
107
36902
13624
82487
62886
56961
50838
11297
46824
53042
87717
12987
73453
69996
39539
27354
52291
24801
83529
69904
68474
84957
38052
19701
43011
92530
74507
70859
44208
74302
63346
48854
79005
34204
94523
86236
19517
96892
15535
50873
75979
33406
76543
29903
21164
40456
8798
28348
72347
63997
2761
66561
28374
98085
31846
42014
5388
92341
1308
9502
91536
38521
12430
50570
39590
59191
87613
18332
3613
14099
30492
20653
41516
21262
83132
5652
34081
94788
89430
82995
90535
91996
70806
54987
72361
26381
60238
29660
10016
28956
10785
62561
81088
88290
91087
46870
74354
70872
94799
56049
35051
5459
17409
74965
3405
24914
7505
40637
59263
36454
39123
5619
81717
5079
15537
97177
2960
99598
78220
57500
41952
33173
15664
64991
39382
49642
57759
88871
35787
77225
94380
20764
98118
2745
35918
79884
14130
25274
48476
80094
20731
13178
97881
56754
51662
58157
5994
83941
94234
14315
2701
135
85676
92578
53113
68364
43027
61464
70886
61436
79338
20288
51795
88029
80924
15463
92803
42878
35819
54475
7432
88622
26947
70392
10577
42562
1870
78480
93292
54270
85723
23292
94276
36603
72835
14680
70046
17277
8938
19623
39867
32220
15935
8206
29503
8022
26135
93809
54321
30834
48496
12451
67705
40602
5341
58823
14900
44933
82762
83220
4806
13477
64817
7178
35351
17603
81823
68609
19578
966
81853
5257
77003
25467
94176
44323
67899
88819
46375
90666
79764
26425
91399
57883
75260
75697
17738
45600
57869
48236
28567
93706
57517
5912
29616
63593
24448
60466
48412
63402
4537
9970
25645
76674
80046
53950
17274
69267
21386
60805
40555
2495
18381
64866
70049
64766
75299
5524
89594
65473
22022
67432
87279
58063
43623
39125
64600
37020
17411
24596
18254
90342
61232
69029
60049
97565
41667
2813
50433
15942
20874
90142
45555
85827
84375
43625
52320
77041
17591
63801
6063
5513
97571
67826
15199
18371
5879
86858
40315
23805
80722
71222
92503
77664
69229
86263
65046
77377
93140
21778
16949
94134
77590
95561
23542
92084
21115
53677
73378
43143
56389
31305
37760
97620
47093
78349
56937
30696
48820
87974
93505
76523
92599
91682
27621
7732
73224
92775
77956
21569
65347
62464
16786
72076
34502
26085
96306
58947
35413
21093
71981
78346
4359
27057
47622
52260
38571
59760
85736
76717
86959
85517
37623
96452
54436
32659
5714
52439
19179
33946
51914
2325
65854
55969
42068
53034
11228
38563
72787
87709
25864
4497
42246
73468
44760
67871
94484
31378
93632
94473
42614
18854
21702
80101
39071
90509
48015
70376
10681
48620
12394
71199
28928
19083
4159
31539
86350
6241
30050
14704
24633
77019
44865
99015
69933
50975
92104
40981
94228
87826
14364
24216
65456
6570
38085
80965
22600
70425
26591
43514
33413
53596
83794
90606
12929
31052
57722
41974
9908
37703
49971
98000
18887
5867
39936
48641
86146
95262
33944
85920
11706
9867
82645
92918
92613
97943
55449
46026
16027
20640
32559
71812
80154
25276
19185
49982
20781
80310
17189
38663
91657
56238
80890
56761
20996
44378
84305
61629
69278
95346
8849
49189
83754
53368
2998
30067
23052
70154
59166
99786
73405
81411
84103
58914
19569
97694
81779
88564
95350
82233
53004
56340
80707
69137
84759
99376
89702
19117
73853
75675
22331
27163
9274
47144
79483
22417
57124
15502
32320
57588
87478
59370
83632
98313
42387
46906
67925
73101
91161
43553
92680
83138
54092
70794
80269
16560
9733
78757
22659
47210
78235
84947
38288
6077
30022
529
52665
12756
57603
3900
9602
70812
38631
65563
16651
6080
40336
23286
76005
46892
81301
93969
60869
71829
26751
42113
89586
40200
91502
27185
98987
25626
85278
47500
68708
25514
6087
94844
85020
79596
13488
63042
78207
70384
65571
99776
35321
32585
41122
9460
23111
40419
8259
72630
35195
72688
4300
4897
75960
51887
14503
67589
37504
49818
35338
28059
88330
43130
30728
54740
43430
11188
44795
79235
77779
71855
49653
54278
18590
43019
58705
81800
20205
66483
21867
6049
9304
16569
47998
86696
51211
46508
62974
29533
1121
81521
10968
84998
45461
52364
79695
69345
57054
29182
28612
83742
87377
85641
3058
24525
89200
82510
54925
91670
10084
36271
75502
32044
31940
65774
55615
37995
90899
93924
31764
52657
92834
37895
25403
43909
84114
49007
81120
50803
74493
19884
88750
86315
43979
62548
53577
30528
58277
26129
93674
39073
24944
88051
91753
3070
27973
47901
98335
32524
66192
40674
80725
85103
47192
1905
5386
72552
61107
47163
83740
15049
49580
833
85956
74020
10644
44289
47156
59746
36095
18169
12688
77060
36609
37054
54645
3929
6152
53038
31649
76449
19072
67814
37816
53327
22313
64076
331
20186
52361
47924
35596
50354
44065
17824
62275
47549
57370
21938
35101
40494
4529
19005
22683
96261
60509
79709
23229
67006
45453
7251
82340
84871
89075
10811
4424
93411
68860
16019
43097
45688
50788
34340
73155
88012
77688
7878
13686
66036
30592
35588
4256
40991
68136
49663
83314
8768
39432
10490
28338
42393
73029
95573
35004
40510
24153
52175
89910
86248
33714
20712
87579
9734
9775
39912
24248
49522
99689
11232
14506
50172
26685
19018
33248
69246
96421
46201
16488
26324
37740
57822
97372
16453
29850
25338
67191
38228
94273
52753
93790
64944
76370
76546
95506
63935
5047
75114
52857
23060
57316
39312
92178
69723
7270
92421
4268
92472
62324
71669
16923
9523
67273
41077
81821
38722
49639
43971
67067
78708
49747
85416
56958
50875
97912
91658
89461
4491
71807
34280
31969
21202
80369
22041
6090
78974
60085
91793
83144
21396
31061
41402
39137
36827
15898
38584
44003
96522
4679
65362
72736
58426
60100
83371
67839
80917
46867
30688
4818
13826
88167
26610
12686
62556
59356
47121
15517
29217
2949
71518
13205
91771
7873
75936
78235
66591
41588
68753
95683
43965
54246
39661
18756
63592
81259
42020
48644
53236
45220
3963
91700
18747
88611
62834
54660
13353
37317
89285
8964
82603
7790
68769
52507
72282
91413
15287
52910
75781
35993
26636
23935
28363
49995
61384
25153
94633
58893
15857
15521
64600
22620
73747
82413
55683
42524
7347
84137
97722
25946
84018
41557
11133
11032
16709
58086
88479
99063
46020
15198
1890
29578
62091
4577
42409
89336
98090
933
6513
30990
96336
2085
37796
89125
72311
74824
27355
8233
41191
10841
83172
86253
6048
5184
26208
72877
73189
17764
37049
10110
59718
77506
30423
56377
44430
89292
59635
72824
15608
49076
78837
26375
26734
68798
84800
11465
44718
88318
67842
61074
45714
17920
17802
25212
80401
75978
40526
56812
2177
87926
74222
25736
43371
46451
8323
5402
96565
95108
14665
46425
5138
33990
46329
11614
63254
56632
39526
18702
37691
5851
16442
4659
68179
21201
23853
87324
59357
48835
49655
26020
64758
86753
138
3328
89733
70309
59581
11214
3358
16783
39223
3903
53169
74718
81725
44709
30676
98083
31801
21078
39109
44146
24645
75608
75708
92965
80111
16629
98732
42151
15356
80234
39229
14523
92437
2814
21429
73374
48887
63917
12927
14393
82475
83572
5253
97967
72912
70363
32814
35932
12410
70427
24911
66672
34780
59047
23025
88212
37274
31297
50391
90848
17600
96614
94768
21375
93789
11193
37041
74035
60630
59105
77495
82049
79001
36301
57677
42935
84274
25242
60557
7786
64425
96262
77741
24426
34064
29741
48114
99352
59520
1409
87342
41057
14578
70784
7416
15577
29650
39299
61407
91260
47565
75392
13160
28580
67683
68547
14218
26394
19444
29547
87705
60777
83169
82566
24494
66866
67115
14988
44578
298
38177
47366
94230
78052
55475
52953
64354
61999
97167
49082
10328
44837
92502
40921
31407
52939
86006
90312
95146
27313
5195
17119
97250
61341
13756
94777
83963
29052
74553
85782
42984
16122
36915
50334
44180
90177
70002
29602
8106
62968
73719
47642
10777
56533
31866
84156
38011
96891
42831
58231
16281
89963
58132
70048
35588
36129
80299
93578
75544
14727
64327
11808
2843
7994
26096
80124
89479
24363
76113
14724
19151
56271
57560
60300
35690
55053
51693
23989
75724
765
69333
62201
82658
17282
56018
38434
32864
86771
97530
34155
57532
61264
20734
28789
75493
79185
93134
11000
52613
78405
39968
51892
8574
38004
22575
72332
66015
79901
95387
22353
94670
30870
84737
83732
28619
94244
23082
99030
99091
78476
63197
26925
58110
91752
57975
27117
38622
29756
88573
44858
69975
40003
4583
22391
46462
97706
74333
21836
14668
81428
23766
86005
53720
92869
4927
26097
4676
14616
29867
37207
90010
59540
53597
71400
9046
62327
86841
21312
92638
54128
99555
67776
46214
72988
25622
90625
83613
97207
50148
45549
35888
88706
47432
90631
58365
77489
62597
34003
11671
5546
23891
12208
2794
80501
76874
15397
95449
63290
36525
2587
45770
52945
95033
1213
51937
41406
51049
51585
83583
24280
74792
74484
41883
22359
59547
74926
51150
36344
46351
43141
53728
38907
78325
11584
58880
48041
67731
90846
69195
69384
62886
54555
16222
7256
57498
53069
28819
61844
71902
29377
19643
79211
37229
45385
74058
19883
95202
12539
41738
45267
72087
80401
72543
22177
93958
84434
44853
50158
83135
47479
94315
42279
9588
79377
74179
13004
83041
96813
43129
797
83209
59020
88515
52716
9079
145
2530
93004
50751
86183
11886
84326
73375
5689
72501
40714
75187
39208
57654
8066
3023
91705
88084
93053
19177
40677
2763
10909
73122
39182
42941
46649
42587
31585
50360
68583
33801
46629
60563
64587
88141
53917
7
65764
71743
70051
30111
24892
22576
83909
40376
55834
91111
46962
99875
68711
38735
59161
39987
81487
70457
37676
51429
91321
71080
56726
63674
24955
91613
71369
20779
8809
15124
7286
8084
60402
96689
85522
74798
90233
24314
56881
52690
5354
16657
91056
63385
91243
69219
68266
11371
91594
75549
99077
28160
83590
7492
55718
11592
25957
14260
42082
99047
57160
59592
93862
96231
60446
90306
44239
68106
99050
48861
42021
52980
92321
80392
34026
64699
51238
74776
12895
85719
69538
15408
19139
8526
9013
87589
28980
42124
32199
14122
44730
86583
62479
57028
85576
48265
71195
30374
61070
56772
33613
42493
19001
57644
12310
74910
60241
65069
10808
81066
57521
58283
82220
50244
51574
40430
38367
62882
34757
67991
48969
77216
11416
77821
47501
56851
56071
1947
13717
26673
59660
10
13722
16890
41660
74791
16695
33354
20555
75994
45729
7202
9616
52382
43228
95712
56148
80260
32025
536
11273
64955
96326
49301
61248
21567
65467
12991
81807
37149
24541
49737
75975
33388
39030
15439
888
68009
94189
25237
82690
12367
49928
1373
72617
90578
89596
77250
6138
83613
55775
2913
83
75636
6946
69947
88925
48067
99713
40577
697
77210
16866
52218
33338
11722
5861
87844
67721
9050
36830
21319
7744
97086
89387
12692
67441
33754
14254
25940
72175
62402
98261
56499
10366
54792
74318
13666
83617
60274
95611
48053
10280
2492
41878
2049
44954
99671
56640
11648
62330
1468
57432
2528
63131
14406
53821
16116
70892
67825
52601
20172
11346
97371
90616
45086
60923
69271
55881
75643
5958
43767
82736
45203
80977
37485
90901
902
29079
41906
40841
37257
49328
6476
4932
2151
23542
54647
51424
34657
66746
7641
72815
66614
30076
32295
88481
8797
68568
82581
45934
97523
46137
56550
93792
51371
61104
14735
98927
80603
59188
10072
69494
32005
82345
92644
7420
63005
13422
77955
66287
4535
26294
44111
20810
77410
61960
52454
12760
62087
51592
9761
79255
76958
7322
18569
60655
58069
2804
42851
6233
60829
34401
41697
27284
8392
40660
62976
38682
66255
55914
71559
60172
76370
35732
43530
82548
47620
56996
65500
20923
17819
62135
74492
91654
81857
44927
54135
92964
95248
28024
70959
60749
84232
15820
88830
80813
79339
83643
5101
62233
14568
23588
24403
60346
62495
38204
65468
50011
5153
85168
6652
36865
30455
39186
9390
47545
73100
92700
81150
66029
2385
47331
69440
43578
3000
67706
67030
59384
40378
53943
22824
2107
81569
4780
79554
22913
80236
88232
27855
9195
70987
41289
40564
32182
41065
72452
99
81302
27778
10178
78724
98950
22726
45471
17353
76623
66908
14979
64127
75985
22359
14784
91139
85448
96886
87850
45584
87880
34433
8246
14096
22300
41307
16100
49334
65752
22841
864
44153
32767
88917
27745
71534
76204
3093
75405
46519
82307
50115
89942
58862
54577
68516
27040
63514
7855
65472
88968
44868
65818
14687
90113
88468
69509
12972
38179
5467
19347
45107
71775
62254
67251
33648
23144
24533
23232
89137
56235
37119
68195
34068
24326
58783
56057
31887
36473
36150
50697
33694
42022
99608
82821
10928
7052
92344
21795
72951
95371
14200
14957
95626
42649
22042
30296
55574
72634
32053
4391
14255
52312
67368
8636
97105
59045
11931
57029
40295
31169
8892
3665
31075
80513
39471
26977
84105
21252
81691
56601
10305
32703
87594
74235
95896
39110
2725
18958
95852
22924
99608
54514
8684
11675
4327
68276
84983
82177
26704
35066
44598
81615
55079
47294
20976
85948
59545
43984
16028
14134
94893
93966
56515
46576
62031
78851
20237
54678
89440
61337
66209
52988
80301
33453
14115
43383
77266
87908
79679
89350
74913
2998
85797
50621
33290
48180
68734
87165
29484
58079
32595
14810
68991
68952
28663
72121
38615
14512
12164
23849
86409
26542
71816
75219
41766
2492
63933
60836
13566
70986
62196
59108
77462
93616
66704
78781
81100
14141
83924
73531
74153
20996
16876
27511
45517
17407
8678
50571
27374
5822
25875
47742
66987
81861
29266
10583
49890
13991
35734
8333
5397
44894
61464
95463
88672
47271
86645
31947
80066
23067
77191
99272
74723
76415
85318
65332
94279
42335
49822
3107
17766
45166
77820
22139
15057
82206
71087
11333
55224
49766
5937
37083
63814
17557
77554
5152
9883
56816
90582
96637
75541
96428
41997
15987
14721
56159
80858
68427
11210
71903
3480
10129
72856
11725
71956
93497
32892
30972
80399
72161
99390
53787
48665
74665
51629
85219
93622
78245
68338
14565
70600
32827
20769
8791
68713
15805
55561
44402
30369
26856
50944
27949
31195
91468
79527
40998
93729
25901
91985
77846
772
50842
77396
34589
16235
49878
66501
34130
4458
88697
39856
84353
85095
13768
36173
43358
58345
76193
59834
80360
68365
60366
23910
96866
1385
27545
58143
11574
57495
84301
32219
54908
75649
98040
30701
18241
13893
56202
76294
13269
63653
65580
44657
32236
17428
30906
88400
74251
80505
8049
36132
54574
15345
51844
304
52119
51995
34836
99442
99904
11796
93016
81304
65478
69636
6583
87919
99652
64384
32089
28458
8741
57700
63522
28147
33386
63018
44610
52923
95525
13636
86314
18375
72576
55005
90651
10471
8690
290
47357
18428
76633
46357
66975
15426
92401
74952
25067
72522
28407
22262
99744
74856
82166
52769
27231
4652
62956
6073
80288
56671
41945
95898
56580
17574
57815
77922
84840
54903
32689
7890
94123
19281
90910
69670
94471
18283
18245
19333
42233
43209
56744
38114
52662
99512
23454
29169
76049
29376
32319
7174
11654
97588
98871
96492
87169
91990
64566
93810
16309
90734
39917
95853
27404
42215
67257
73029
10423
45782
19647
84122
97133
51877
59906
31716
40911
78435
14657
16046
74823
6820
84029
15419
68259
27750
64701
3066
95799
75118
8433
7934
915
30614
37454
90683
47415
13754
60283
5866
41291
75689
18176
54487
56169
3809
83744
97991
72615
5114
29990
3125
53555
42698
18007
25616
78106
36862
93624
61855
22979
603
16787
90848
46559
25365
27098
56718
95983
37662
11321
34369
37718
95734
52410
71490
9964
96167
44352
6674
46077
41919
99392
30450
50521
3473
31743
33574
96934
63595
78421
19245
34563
69067
26133
24254
671
40049
72440
82081
72236
28826
40157
75857
21210
36721
71774
46303
91587
82831
79121
94452
81581
19473
49351
28153
25796
39699
40134
64731
5298
79772
10615
32200
7755
81410
60278
97915
78011
208
98405
35747
71543
38660
42852
6713
62292
23951
80863
48555
43123
64567
66991
88481
56357
42302
97943
73642
87576
97038
34548
48670
35570
70015
85097
29455
39096
56694
99477
76487
54443
285
12890
74828
11819
89493
19569
4450
54538
26098
38194
83424
41231
75031
55709
41699
59341
61746
94852
35935
76570
2417
13998
67544
85169
19709
52292
10844
90244
75896
84360
87323
6177
38425
27533
30171
80825
23653
31665
18576
47347
1177
29432
90788
15812
79911
48626
80183
47269
45470
68680
98576
8761
50681
14763
21498
44923
11685
43992
5657
33098
11104
9363
99903
45902
84568
8073
8043
68324
22067
1716
42359
94541
26017
65346
7679
98526
28355
74412
83207
78037
9411
87882
65676
87554
45903
9136
2064
93994
32554
678
8933
50364
32891
9102
79851
65274
53031
91502
7509
39118
96778
26342
65705
75853
69926
71910
23298
34369
45423
1642
98927
69326
2616
31821
1607
9567
73703
57322
94161
98527
1109
69447
62562
67670
87419
11977
24602
92103
99252
74977
98553
78154
56577
43430
59305
62926
88575
49420
2709
8951
2779
19166
23593
70314
16066
79713
76402
17785
11398
13614
81465
4788
67199
40346
31672
52525
11360
87263
64853
81757
63009
41778
99295
72455
42232
65570
75390
7179
57674
56666
69476
93782
29063
75951
67187
49677
58437
68402
45300
87669
26828
5133
44110
63709
71880
39853
28674
30123
37867
79137
65622
35509
23079
52386
3185
80084
19872
1743
75835
51178
24122
32605
51289
30616
69767
71943
35462
36548
77520
19660
2699
825
45619
27324
57269
82027
79400
7811
41780
85041
34918
59368
30327
68820
46380
58583
56245
60288
74166
96926
81121
85400
48534
44160
61206
24637
21967
4615
21824
75475
92000
26530
70231
63261
8427
32692
74940
23160
3291
40017
87944
41647
93949
83350
74819
95070
69100
72122
85412
30757
10669
15525
49212
30552
75908
1136
92083
46365
79963
17253
55752
61827
30737
34007
21439
67983
99577
84763
76213
52484
57220
82621
99688
35091
96525
79805
76732
36836
40473
48058
92243
5158
81853
64415
39872
96075
81573
97786
8246
192
97200
33346
91296
69310
79540
70093
92319
51544
4725
88650
71963
51064
86610
61962
46676
24580
31068
23493
10174
11822
33321
26185
88688
76981
97038
13832
24850
29935
14538
4797
94393
3870
26668
40545
60985
85810
8905
57887
3660
62089
98275
71374
52257
90278
13371
53800
20760
94050
78126
97925
33120
64374
73430
70541
82884
56106
21906
95649
44002
85660
38258
42692
43273
91344
91
51376
39808
8794
19081
40013
86348
33952
24587
11825
972
79727
68365
3898
4086
11069
88114
5376
60837
53015
48545
94246
51515
69707
18558
20290
73890
90994
33084
22652
95266
67699
21460
76625
80815
60056
92317
48172
64170
65543
74646
55918
99613
77914
63474
36321
13986
40470
40785
72315
90304
52723
43650
74876
69255
2365
83514
66003
43236
88045
50243
22601
92848
20045
65295
13675
95882
79635
74114
3955
90098
20046
80607
40923
27003
35635
15193
18257
38500
74408
79339
88298
63861
12992
96064
25603
7543
16248
78766
62385
70807
58044
627
80434
27590
18476
4656
59156
7371
1407
75406
53782
54069
65292
76508
73935
74318
74378
456
74008
762
66291
37327
90497
53651
76739
65557
46345
84078
49074
10585
37404
46443
2022
97272
64073
51694
87819
20872
51699
5044
15466
11767
41720
38996
18312
74291
45679
46360
32688
67920
78391
94334
75122
23658
51406
10669
96026
67441
45101
40637
74601
74351
41904
90272
33326
85905
67263
25302
27393
52622
13441
63631
44958
82580
47560
69596
81546
77672
59469
85951
92197
17138
17797
60706
71846
48656
68161
53074
11775
47449
50539
54107
75181
65387
64057
60764
75908
29322
97419
13344
92979
99735
69949
24214
32861
70314
26949
22532
94041
67248
17928
51532
57177
94356
31570
19076
71978
84889
20505
67383
81866
72998
92712
44797
42359
73829
52422
10031
51437
22103
86206
39407
68799
64668
77487
72988
74899
20335
3009
4902
65355
15073
65199
93202
96668
72091
66128
93591
55551
17439
92169
39
24209
40352
88481
33121
60072
89222
33204
71857
99786
53158
30945
51493
28731
44239
95561
3342
83692
29077
12209
55562
55329
29915
30641
15121
76942
53468
4412
67367
12741
11874
60817
62445
53292
36530
23805
89559
35710
83909
80921
12240
37574
49050
29184
40405
84107
95356
45154
27903
67218
13457
95695
91725
95890
55257
61121
83673
53261
71830
63075
5680
97345
17387
36090
74924
83543
65295
30903
90382
33302
96415
31543
50269
91339
82926
53939
10207
25986
24909
98664
53155
58346
3399
52976
41196
44008
94311
77710
93162
92970
17112
78438
95589
8822
75130
68735
88612
74242
97979
83825
95861
77203
28105
42296
99310
60994
57385
90196
95783
14398
43717
30415
57888
61267
57390
41429
4379
31427
83625
55431
6801
24737
82763
81169
99801
72616
96858
83854
84936
95179
35672
48332
95906
46333
583
38708
94305
36258
67452
38172
85696
62938
80189
15765
42571
25280
14453
69871
66912
75655
26039
81483
34975
79358
87746
49733
65193
64995
7868
42001
10851
55940
44186
39681
62942
46649
96234
95901
35590
76516
23148
98484
89518
67019
61440
3485
25414
23125
99467
77656
9246
26710
94181
12149
35440
44537
67743
75917
65778
8628
63477
77916
84384
57954
90476
46109
65447
41958
35625
77479
84941
85177
52292
84522
72597
13760
62174
15435
57331
27429
56729
51199
48850
85659
42595
44068
53475
34350
83270
11422
64286
73460
47591
78370
75041
17032
54787
46040
61357
7783
3720
52696
94949
84156
98241
57667
13324
88963
28543
82950
95719
51358
23061
53533
44326
8019
91225
26544
3845
74513
74811
43819
76094
24064
60217
72619
56081
4688
10340
57739
75045
91716
9178
84674
63951
42729
64674
67143
16627
81016
68680
3064
96457
37788
91360
35368
89678
51211
260
89353
12293
33430
36051
53312
55819
1476
49613
88105
1763
17688
10023
91670
98381
41734
8469
85953
80706
4610
21913
67315
42688
85001
51180
73453
56855
33996
3234
43741
27365
3954
73363
89286
82049
89546
39791
36310
82219
37598
6875
60040
26057
59471
48396
65321
52953
19842
47691
62167
64927
95471
95262
17348
46449
19122
55703
81973
21142
55253
6251
26003
30126
12499
52187
27886
79818
62477
79313
84442
68946
84987
47441
17219
51726
86125
48173
58597
2444
52733
81122
795
49597
11341
92729
62668
89581
9417
11705
69445
73017
56369
41786
21599
8094
24316
67894
23825
35689
68279
85796
20843
52388
81683
67316
26826
68313
38383
44367
34475
6171
84805
51512
44615
59725
83562
64335
36383
28898
65778
73623
63650
27978
74842
9044
37485
27966
89682
43307
14115
25492
17377
85483
84799
82831
1851
96453
95192
16171
31754
37392
40834
7592
91886
81027
44764
72663
14640
34466
3146
33948
26100
115
20051
71909
42211
21513
27780
1647
5283
30742
10086
88139
7568
62787
99842
72896
91062
43982
60891
25726
56973
72308
88277
94820
84554
48792
69188
20610
75558
88078
43969
95160
69683
71843
48261
48314
51449
79290
52739
52721
7390
17130
9286
12055
81904
46072
28627
61555
20207
82954
91886
92693
12623
23791
38789
65237
93988
10204
38397
19698
53412
26493
79077
60852
2906
90482
28033
13417
54647
70255
27124
31650
20784
86269
99944
15251
82030
64251
28874
53465
60332
74392
17774
68978
40396
45419
11539
21016
63687
77649
79376
45538
27594
88365
64462
16221
32213
33409
62083
21722
22085
92730
48163
6043
63808
86099
26165
86846
70864
21428
79178
71180
93434
62499
42292
93882
95800
20283
66735
36238
27355
23110
80580
80280
39305
65871
66089
12997
56743
93541
13528
57260
61769
49409
29367
55793
56885
55584
19502
10332
5738
57562
67274
70138
24891
16531
96625
90898
821
126
45512
14867
12153
77468
17326
64945
65305
89450
44434
98754
31415
82255
95615
5126
23367
85492
63098
71852
49841
27798
78708
83770
81189
33862
19449
63899
28311
75547
53598
59945
94096
53028
24363
23844
50263
46128
58993
88143
73862
96339
75913
24803
53909
29372
18142
71385
25685
41972
46811
70241
27234
48850
61400
33823
3241
93081
27604
6198
7015
60582
25978
84137
14132
38142
62034
41485
98242
45919
38581
91247
17930
58976
95137
64497
77157
39036
28822
29524
12159
89982
29350
50484
25201
24183
55109
75387
49964
93049
10699
88555
94657
17153
5865
11197
76700
68726
96297
23507
37667
22578
7691
1731
10784
79844
12772
59493
12548
98604
72270
3960
96195
53819
49298
23568
56430
3452
10098
16747
32607
39813
66484
57535
30733
71209
62708
10004
93506
41665
57945
10920
25346
34226
42783
97717
68242
19075
88711
40219
6563
41135
41832
7306
28008
25850
71005
72653
77602
96128
26428
49385
87872
77687
43400
67234
72567
57494
27841
83091
28695
63497
3689
84038
77158
35734
36240
89629
60266
32073
15575
34430
94408
98570
18801
22500
83623
87915
19841
25913
25456
85530
75425
22472
80003
34042
64949
17684
74272
84896
38318
68845
37666
53604
1647
29040
22808
31978
38992
92023
28794
64767
71405
31387
12128
43446
96165
23407
91066
54286
30957
77991
80607
14089
26186
41822
97213
87535
93647
21532
6651
32399
61944
7957
68328
91827
11068
54082
64237
14767
51914
31040
62550
79034
28241
89355
53781
75212
26859
96492
95760
23140
66175
709
27013
98591
17063
61325
67774
25531
67376
44368
43106
30419
14476
26455
76636
82276
20079
42735
41123
92827
8056
21766
34229
95346
39630
2504
20794
23613
53234
71634
8686
53905
3344
51399
21599
60218
88052
45796
1328
39581
45317
57572
17795
58059
66876
57394
7616
22923
3388
88167
97050
83475
42084
29950
84952
12013
79858
67650
77843
58594
64821
66056
53259
1966
58028
21971
99127
60610
7821
18463
46131
18449
99993
79262
9788
76488
58459
56242
4372
5033
62570
71727
72626
60052
28593
88006
62874
96636
99835
66220
99387
99567
44737
45079
6935
98922
79698
55313
4014
5673
90533
38770
85749
23013
95209
81424
9575
23747
94677
82318
39637
84447
71598
94360
77967
70927
54608
22839
77075
74061
58821
19454
8105
86012
67256
99326
70879
44297
35459
33998
13273
18071
28560
56942
70086
95817
13722
65132
51434
98115
73158
11980
65027
91244
59528
94500
73013
43145
95317
66329
45822
75086
3134
1304
2812
737
42421
52668
50717
90574
63732
64380
443
70377
9829
33656
38639
172
23269
71375
49489
87765
79087
84013
92954
9278
90446
22420
56688
94118
32718
81687
85471
97590
40868
90717
88673
35118
62002
33243
31196
82808
15502
59296
17510
7239
16747
18908
41462
26171
59818
16555
74076
10012
20637
62418
47629
14562
16610
9317
83058
23527
34696
92855
98008
75807
29051
87220
89714
35714
78252
8639
3409
77060
62692
48834
22473
19195
81917
6459
34773
82531
90749
80347
44205
47815
38318
72122
25284
19459
77266
51270
5290
33450
25273
11866
22025
18822
55368
93133
21619
84645
44578
58221
52000
44671
76457
4481
37535
63716
33472
91795
38509
66457
42993
37209
58273
66133
90261
15843
74545
31020
20792
43591
52745
64137
61539
80403
24357
13328
87139
90363
66447
49947
18914
43025
88910
41065
51746
70163
99193
56424
6368
5437
53176
79567
49446
23792
28714
57972
2619
96816
72043
67119
56298
86005
48574
92665
33939
5389
59074
64457
45703
45511
46851
76902
84717
3770
43112
24172
90855
67822
8854
3525
44181
10107
30898
61065
30298
20883
76782
47472
15934
95962
36640
28739
76117
50835
72227
64415
63251
67269
58723
84375
40854
55900
1766
7499
60427
4896
44958
89139
59354
33469
27407
68459
16687
16102
10066
68190
39516
44999
62188
82401
90911
20255
26781
38399
77580
75936
89802
99868
27545
34629
4114
96448
69721
26714
2970
74536
75847
56815
59256
75578
19893
82291
510
40302
65637
95545
98414
46544
44629
91900
23424
93662
15802
20700
89913
94884
22733
34825
23809
33117
55733
56883
24666
10228
96586
80195
73889
98935
15025
78890
91539
767
21404
72342
23169
40135
50829
99069
38359
35294
34017
73611
36864
37240
62425
62095
199
24264
29656
22998
52201
98714
99454
87876
85221
85029
12077
24618
81815
90348
69441
20218
26526
79709
50222
43592
77903
30598
95833
32440
48744
93844
84079
79528
32164
44611
1074
19347
78768
71625
10563
4941
42262
62655
45684
97839
29414
10882
62317
38819
42003
77586
70017
29340
41557
23009
18891
3995
20220
21366
6766
38662
95630
58783
57707
43992
80055
5585
95183
5427
94360
49898
62515
71887
53583
89587
27413
5461
14663
90268
45219
85743
9390
45894
24842
719
17270
29517
98889
16526
12064
24185
86444
25999
94840
78418
64098
84311
12866
28896
61330
87687
34154
11321
38541
71316
6593
77215
92672
15200
50076
99728
67786
79684
82919
90387
84022
61073
9434
79558
80089
55947
15966
14497
67939
15354
55394
51854
96205
14216
16600
48844
11902
84940
34453
8776
62625
55410
33396
3921
12156
62083
22174
60615
64961
38443
19515
23483
45005
33079
1176
6318
57695
6544
78894
1964
5028
45257
91561
79932
43284
15812
75015
69980
82356
61720
46777
33051
97371
46174
4208
45237
8252
90761
79334
14470
54438
77576
97722
6928
62220
71709
43102
92403
83632
41013
54853
38092
87723
43995
22509
96911
99029
81247
64663
88521
70531
3670
22203
33314
10925
47243
39782
63699
90901
29286
32402
94588
73712
23672
13502
58644
59231
651
12271
59284
56092
76973
55936
91076
15826
95237
74536
50545
98210
64389
62791
5102
59775
80731
28080
39297
90933
43698
29428
16983
16737
23988
95068
44724
94194
28733
18481
61233
95719
41352
99878
83972
12558
86894
78575
8867
11344
11625
51893
45490
88186
79519
98000
64186
83524
67938
7234
24046
21956
33508
30943
78226
52047
35358
29173
84724
743
41842
31506
28439
75213
8
42803
38715
94940
17196
67380
36469
97611
88250
16749
93341
53031
28852
81696
6131
53337
2696
20470
21175
83307
19848
59022
69111
23408
66352
19173
45447
23861
36646
93933
31758
46488
72299
50040
53983
27978
60040
1641
30685
53072
83044
33745
56412
45023
58856
89954
14671
38686
70509
34079
36798
12039
51206
71662
83248
93586
95461
59952
37814
88209
43319
50257
75498
19824
36114
16433
32499
91206
88926
46529
79503
60266
3611
90833
92063
21813
83442
70945
91922
62019
17809
99524
32522
33266
71799
42590
26497
80891
7551
26877
12843
5122
7108
24225
45007
19089
5487
64792
24428
44071
51081
74173
59848
60583
22105
64233
36691
94548
37401
79230
18547
86756
875
6164
14128
20179
67179
82701
14446
87989
91495
83155
24072
6423
26339
6621
18595
1007
80136
89803
36657
50979
47034
66591
29315
26509
5579
89461
41881
85117
64617
75117
9158
97431
93079
24382
60764
41437
37444
49407
34815
61185
69230
21605
72557
91057
17598
64272
37701
17783
68109
41959
15398
9375
98761
83141
53566
75739
75369
74945
93318
77279
34558
97689
1579
42985
9330
2296
61519
31726
33970
27108
72238
88850
80846
1933
29547
6631
63521
2612
1243
39537
2446
53583
73512
40427
47629
28902
86787
80972
30327
244
84578
689
83234
54506
94328
70568
60274
14762
1508
52006
45185
83823
48428
36346
83080
87308
62054
75527
44337
71449
9274
13560
61831
14555
56604
26794
34774
77542
82077
35901
95682
2057
60521
90955
31721
75208
79802
24995
73109
11313
83205
58181
69164
6815
30360
23532
72030
16854
97346
6080
64810
89245
41594
79391
23466
34245
83110
93942
32506
45882
23502
88811
69896
85849
78560
91712
17461
98397
90271
44517
81807
31966
86293
54600
4332
90544
22761
31484
80419
60391
94646
85512
34730
95173
33726
11323
3207
34623
53908
97499
34511
19167
99347
41602
14937
75724
42922
32112
59684
67362
21364
29385
95787
18963
26340
67435
9052
22275
6973
12343
94113
96543
52819
53747
49085
2246
61847
55356
91390
28461
85576
13280
54397
75929
58135
42820
73619
73870
35227
86629
43708
38752
97865
6959
97611
29478
77693
41815
21390
6190
45158
51609
92431
93371
70014
67289
864
98106
31460
8154
23729
61484
57183
93647
28836
97926
46431
62666
7919
34465
79466
30880
45380
60913
77945
18723
1793
43411
70763
10993
90763
73902
69563
42582
61318
24536
28128
94008
82163
55022
94596
45955
88003
77082
92319
74382
13760
6918
96409
89740
95261
27537
32153
96764
20668
44220
82539
46467
45812
92936
86041
34031
24461
75802
95292
86468
86707
54180
11669
93276
23570
96206
23245
51098
54736
5212
84874
91209
96575
56433
62797
19094
11315
95310
89108
91172
6447
3345
65861
42952
38249
60512
23955
11900
79962
72360
39923
67566
16764
61590
70373
98983
73878
59311
23189
59643
16160
62579
57920
24055
56053
19219
18605
85063
62576
20982
6863
59227
45024
88903
883
54516
22612
74230
26397
96708
37356
59903
18374
74634
3498
69211
50424
12632
76171
91358
12195
3030
6590
8142
54328
10950
5625
55100
88440
59868
49434
11728
20658
53
30425
56562
7093
7580
21880
99073
61428
23004
5551
46945
96079
38276
28943
51060
15592
70934
39717
44722
5135
53599
9684
79455
64098
96934
69039
90552
66800
52246
33552
26668
51850
69388
1652
67616
55953
45377
14575
62052
88989
46927
4929
41667
63109
7235
74616
16864
10379
96456
96410
21242
50812
86572
99108
97594
